1:N logN

2:Cricket - is - a hobby - - of - - mentor - deepak===Deepak(output)

3:b,c(occurs)

4:(index)  0  1  2  3  4  5  6  7  8  9 

a. (3-4)   0  1  2  4  4  5  6  7  8  9
b. (4-9)   0  1  2  9  9  5  6  7  8  9
c. (8-0)   0  1  2  9  9  5  6  7  0  9
d. (2-3)   0  1  9  9  9  5  6  7  0  9
e. (5-6)   0  1  9  9  9  6  6  7  0  9
f. (5-9)   0  1  9  9  9  9  9  7  0  9
g. (7-3)   0  1  9  9  9  9  9  9  0  9
h. (4-8)   0  1  0  0  0  0  0  0  0  0
i. (6-1)   1  1  1  1  1  1  1  1  1  1


5:              
{-----push--(1)

[-----push--(2)

]-----pop--(-2)

(-----push--(3)

)-----pop--(-3)

}-----pop--(-1)
paranthesis are balanced
and size is 0 at the end.

6:N logN

7:N logN

8: (N-1)^2

9: N^2

10:(index)  0  1  2  3  4  5  6  7  8  9 

a. (3-4)   0  1  2  4  4  5  6  7  8  9
b. (4-9)   0  1  2  9  9  5  6  7  8  9
c. (8-0)   0  1  2  9  9  5  6  7  0  9
d. (2-3)   0  1  9  9  9  5  6  7  0  9
e. (5-6)   0  1  9  9  9  6  6  7  0  9
f. (5-9)   0  1  9  9  9  9  9  7  0  9
g. (7-3)   0  1  9  9  9  9  9  9  0  9
h. (4-8)   0  1  0  0  0  0  0  0  0  0
i. (6-1)   1  1  1  1  1  1  1  1  1  1
